-0.766674 
-0.563656 
-0.289906 
-0.00280186 
0.833536 
-0.392868 
0.187088 
-0.530313 
-0.00997689 
0.163442 
-1.08195 
-0.624916 
-0.627345 
1.17823 
-0.278315 
-0.544923 
-0.992671 
-0.121411 
0.24402 
-0.858375 
-1.30973 
-0.382306 
0.69789 
0.0765861 
-0.120337 
0.742204 
0.116632 
0.368736 
-0.160633 
-1.93167 
0.243656 
-1.2476 
-0.744339 
0.737692 
0.0146297 
-0.598713 
0.302213 
-0.248573 
-1.40144 
0.193338 
-0.969396 
0.622743 
-0.905616 
-0.727056 
-0.183018 
-0.0255499 
0.247387 
-1.02604 
-0.525769 
-1.56666 
-1.56666 
-1.56666 
-1.56666 
-1.56666 
-1.56666 
-1.56666 
-1.56666 
-1.56666 
-1.56666 
-1.56666 
-1.56666 
-1.56666 
-1.56666 
-1.56666 