0.4292676602599581
-0.463411671221055
0.6093380996995792
-0.23424703215967546
-0.1962385097795598
0.9065798955907514
-0.787682319456811
0.4019873583826359
0.4590597370593661
0.3809193689473793
0.34977562152369335
0.6588896997744935
0.24243186968617092
0.7261138349294769
-0.39720733669686115
0.4514332920266597
-0.8397838679066703
0.1765159754235952
0.7784071802367822
0.2900533479795606
-0.6348945316742076
-0.9438223624319668
0.18263689121943272
-0.6470613123550124
-0.045050151927539916
0.4860289716295727
-0.8783980277782477
0.19128794406057215
-0.9465160517453863
0.9808906587222244
-0.32971230515363814
-0.017077016277651014
-0.4299257870173554
0.31841755642770964
-0.8910542181396286
0.17285086708970399
-0.7223438131994453
-0.8319259435257185
-0.11273950104298303
-0.3565024567336186
-0.2994874165530481
0.48001281879487534
0.6316923154609111
-0.511111313039287
0.4784198725255071
-0.14093239042075267
0.5303977516045537
0.028974289861690927
0.8125562355965903
-0.0374418246537116